['Gamma', 0.967, 0.967, 0.964]
['Gamma', 0.967, 0.933, 0.9]
['Gamma', 0.933, 0.967, 0.933]
['Gamma', 0.967, 0.967, 0.967]
['Gamma', 0.967, 0.967, 0.793]
['Gamma', 0.95, 0.933, 0.862]
['Gamma', 0.967, 0.967, 0.929]
['Gamma', 0.883, 0.9, 0.893]
['Gamma', 0.967, 0.933, 0.967]
['Gamma', 0.967, 0.967, 0.964]
['Gamma', 0.967, 0.967, 0.967]
['Gamma', 0.967, 0.967, 0.966]
['Gamma', 0.95, 0.95, 0.893]
['Gamma', 0.667, 0.833, 0.833]
['Gamma', 0.967, 0.967, 1.0]
['Gamma', 0.967, 0.967, 0.931]
['Gamma', 0.8, 0.883, 0.897]
['Gamma', 1.0, 1.0, 1.0]
['Gamma', 0.967, 0.967, 0.931]
['Gamma', 0.8, 0.883, 0.786]
['Gamma', 0.783, 0.967, 0.679]
['Gamma', 1.0, 1.0, 0.966]
['Gamma', 0.9, 0.883, 0.857]
['Gamma', 0.967, 1.0, 0.897]
['Gamma', 0.867, 0.967, 0.897]
['Gamma', 0.5, 0.933, 0.733]
['Gamma', 0.617, 0.717, 0.655]
['Gamma', 1.0, 1.0, 1.0]
['Gamma', 0.933, 0.967, 0.931]
['Gamma', 0.583, 0.933, 0.724]
