['Delta', 0.433, 0.65, 0.607]
['Delta', 0.967, 1.0, 0.767]
['Delta', 0.8, 0.767, 0.533]
['Delta', 0.733, 0.9, 0.633]
['Delta', 0.583, 0.75, 0.552]
['Delta', 0.933, 0.967, 0.828]
['Delta', 0.967, 1.0, 0.786]
['Delta', 0.933, 0.967, 0.679]
['Delta', 1.0, 1.0, 0.8]
['Delta', 0.533, 0.65, 0.536]
['Delta', 0.967, 0.967, 0.9]
['Delta', 0.8, 0.817, 0.552]
['Delta', 0.7, 0.967, 0.607]
['Delta', 0.867, 0.9, 0.633]
['Delta', 0.7, 0.967, 0.6]
['Delta', 0.8, 0.933, 0.724]
['Delta', 0.65, 0.967, 0.621]
['Delta', 0.533, 0.8, 0.643]
['Delta', 1.0, 0.967, 0.897]
['Delta', 0.783, 0.883, 0.821]
['Delta', 0.917, 0.95, 0.786]
['Delta', 0.967, 0.967, 0.931]
['Delta', 0.65, 0.967, 0.643]
['Delta', 0.9, 0.867, 0.69]
['Delta', 0.617, 0.95, 0.862]
['Delta', 0.767, 0.9, 0.6]
['Delta', 0.767, 0.9, 0.586]
['Delta', 0.7, 0.733, 0.586]
['Delta', 1.0, 1.0, 0.862]
['Delta', 0.967, 0.967, 0.828]
