['Alpha', 0.85, 1.0, 0.714]
['Alpha', 1.0, 0.967, 0.967]
['Alpha', 1.0, 1.0, 0.967]
['Alpha', 0.967, 0.967, 1.0]
['Alpha', 0.933, 0.967, 0.724]
['Alpha', 1.0, 1.0, 0.931]
['Alpha', 0.967, 0.9, 0.75]
['Alpha', 0.567, 1.0, 0.75]
['Alpha', 1.0, 1.0, 0.967]
['Alpha', 0.7, 0.967, 0.679]
['Alpha', 1.0, 1.0, 0.933]
['Alpha', 0.967, 1.0, 0.966]
['Alpha', 0.917, 0.967, 0.786]
['Alpha', 0.867, 0.9, 0.867]
['Alpha', 0.933, 1.0, 0.967]
['Alpha', 0.767, 0.833, 0.759]
['Alpha', 0.917, 0.967, 0.759]
['Alpha', 0.933, 0.967, 0.786]
['Alpha', 1.0, 1.0, 1.0]
['Alpha', 0.967, 0.967, 0.75]
['Alpha', 0.817, 0.9, 0.643]
['Alpha', 0.85, 0.967, 0.586]
['Alpha', 1.0, 1.0, 0.893]
['Alpha', 0.9, 1.0, 0.897]
['Alpha', 0.9, 0.933, 0.793]
['Alpha', 0.867, 0.933, 0.7]
['Alpha', 1.0, 1.0, 0.759]
['Alpha', 0.717, 0.933, 0.759]
['Alpha', 0.917, 1.0, 0.828]
['Alpha', 0.417, 0.883, 0.655]
