['Beta', 1.0, 1.0, 0.893]
['Beta', 0.933, 0.967, 0.9]
['Beta', 1.0, 1.0, 1.0]
['Beta', 0.967, 1.0, 0.967]
['Beta', 0.967, 1.0, 1.0]
['Beta', 0.967, 1.0, 0.966]
['Beta', 0.95, 0.933, 0.964]
['Beta', 0.933, 0.967, 0.714]
['Beta', 0.967, 1.0, 1.0]
['Beta', 0.967, 1.0, 0.929]
['Beta', 0.967, 1.0, 0.967]
['Beta', 0.933, 0.967, 0.931]
['Beta', 0.85, 0.967, 0.786]
['Beta', 0.8, 0.967, 0.933]
['Beta', 0.933, 0.967, 0.967]
['Beta', 0.967, 1.0, 0.897]
['Beta', 0.9, 0.933, 0.69]
['Beta', 1.0, 1.0, 1.0]
['Beta', 1.0, 1.0, 0.966]
['Beta', 0.8, 0.967, 0.821]
['Beta', 0.483, 0.783, 0.643]
['Beta', 1.0, 0.967, 1.0]
['Beta', 0.933, 1.0, 1.0]
['Beta', 1.0, 1.0, 1.0]
['Beta', 0.933, 1.0, 0.931]
['Beta', 0.767, 1.0, 0.733]
['Beta', 0.933, 0.933, 0.931]
['Beta', 1.0, 1.0, 0.897]
['Beta', 1.0, 1.0, 1.0]
['Beta', 0.617, 0.883, 0.621]
