['Gamma', 1.0, 1.0, 1.0]
['Gamma', 0.945, 0.948, 0.959]
['Gamma', 0.467, 0.767, 0.567]
['Gamma', 0.898, 0.94, 0.897]
['Gamma', 0.831, 0.74, 0.788]
['Gamma', 0.679, 0.943, 0.732]
['Gamma', 0.874, 0.983, 0.846]
['Gamma', 0.916, 0.959, 0.819]
['Gamma', 0.857, 0.883, 0.58]
['Gamma', 0.988, 0.986, 0.987]
['Gamma', 0.95, 0.915, 0.904]
['Gamma', 0.95, 0.983, 0.902]
['Gamma', 1.0, 1.0, 1.0]
['Gamma', 0.682, 0.872, 0.636]
['Gamma', 0.971, 1.0, 0.986]
['Gamma', 0.836, 0.886, 0.628]
['Gamma', 0.653, 0.844, 0.618]
['Gamma', 0.951, 0.978, 0.919]
['Gamma', 0.969, 0.971, 0.956]
['Gamma', 0.599, 0.657, 0.578]
['Gamma', 0.591, 0.826, 0.667]
['Gamma', 0.9, 0.971, 0.9]
['Gamma', 0.93, 0.836, 0.892]
['Gamma', 0.706, 0.821, 0.787]
['Gamma', 0.774, 0.87, 0.792]
['Gamma', 0.656, 0.738, 0.667]
['Gamma', 0.781, 0.74, 0.676]
['Gamma', 0.936, 0.961, 0.918]
['Gamma', 0.9, 0.901, 0.84]
['Gamma', 0.896, 0.83, 0.766]
