['Delta', 1.0, 0.793, 0.797]
['Delta', 0.805, 0.738, 0.685]
['Delta', 0.778, 0.756, 0.678]
['Delta', 0.893, 0.738, 0.603]
['Delta', 0.821, 0.771, 0.773]
['Delta', 0.93, 0.957, 0.93]
['Delta', 0.986, 0.955, 0.846]
['Delta', 0.721, 0.886, 0.75]
['Delta', 0.826, 0.757, 0.71]
['Delta', 0.777, 0.743, 0.816]
['Delta', 0.953, 0.725, 0.771]
['Delta', 0.711, 0.886, 0.738]
['Delta', 1.0, 0.986, 0.758]
['Delta', 0.657, 0.728, 0.705]
['Delta', 0.809, 0.795, 0.753]
['Delta', 0.907, 0.743, 0.667]
['Delta', 0.514, 0.744, 0.629]
['Delta', 0.647, 0.714, 0.535]
['Delta', 0.795, 0.764, 0.809]
['Delta', 0.785, 0.678, 0.559]
['Delta', 0.66, 0.674, 0.417]
['Delta', 0.771, 0.786, 0.657]
['Delta', 0.716, 0.62, 0.608]
['Delta', 0.628, 0.787, 0.64]
['Delta', 0.773, 0.733, 0.673]
['Delta', 0.731, 0.666, 0.479]
['Delta', 0.69, 0.798, 0.632]
['Delta', 0.973, 0.816, 0.904]
['Delta', 0.838, 0.806, 0.704]
['Delta', 0.727, 0.689, 0.584]
