['Beta', 1.0, 0.988, 1.0]
['Beta', 0.945, 0.973, 0.945]
['Beta', 0.922, 0.922, 0.689]
['Beta', 0.986, 0.955, 0.912]
['Beta', 0.779, 0.852, 0.818]
['Beta', 0.732, 0.957, 0.746]
['Beta', 0.926, 0.969, 0.938]
['Beta', 0.861, 0.988, 0.792]
['Beta', 0.786, 0.81, 0.652]
['Beta', 1.0, 1.0, 1.0]
['Beta', 0.95, 0.953, 0.94]
['Beta', 0.869, 0.967, 0.943]
['Beta', 1.0, 0.986, 0.985]
['Beta', 0.696, 0.967, 0.568]
['Beta', 0.973, 1.0, 0.986]
['Beta', 0.759, 0.873, 0.795]
['Beta', 0.729, 0.765, 0.742]
['Beta', 0.756, 0.929, 0.721]
['Beta', 0.986, 0.983, 0.971]
['Beta', 0.715, 0.784, 0.637]
['Beta', 0.543, 0.854, 0.521]
['Beta', 0.9, 0.914, 0.757]
['Beta', 0.877, 0.945, 0.838]
['Beta', 0.776, 0.867, 0.775]
['Beta', 0.87, 0.901, 0.812]
['Beta', 0.66, 0.738, 0.635]
['Beta', 0.836, 0.776, 0.809]
['Beta', 0.902, 0.934, 0.904]
['Beta', 0.84, 0.975, 0.84]
['Beta', 0.946, 0.884, 0.727]
