['Theta', 1.0, 0.757, 1.0]
['Theta', 0.838, 0.695, 0.616]
['Theta', 0.811, 0.644, 0.733]
['Theta', 0.943, 0.636, 0.956]
['Theta', 0.788, 0.776, 0.742]
['Theta', 0.816, 0.914, 0.789]
['Theta', 0.969, 0.95, 0.923]
['Theta', 0.914, 0.93, 0.847]
['Theta', 0.624, 0.726, 0.652]
['Theta', 0.775, 0.632, 0.724]
['Theta', 0.906, 0.831, 0.723]
['Theta', 0.779, 0.722, 0.77]
['Theta', 0.986, 0.714, 0.985]
['Theta', 0.707, 0.731, 0.716]
['Theta', 0.889, 0.771, 0.836]
['Theta', 0.809, 0.748, 0.744]
['Theta', 0.629, 0.544, 0.427]
['Theta', 0.7, 0.618, 0.663]
['Theta', 0.955, 0.793, 0.809]
['Theta', 0.717, 0.728, 0.618]
['Theta', 0.522, 0.654, 0.521]
['Theta', 0.643, 0.671, 0.571]
['Theta', 0.634, 0.473, 0.622]
['Theta', 0.631, 0.606, 0.663]
['Theta', 0.526, 0.674, 0.505]
['Theta', 0.686, 0.762, 0.562]
['Theta', 0.755, 0.781, 0.691]
['Theta', 0.902, 0.836, 0.877]
['Theta', 0.926, 0.779, 0.84]
['Theta', 0.521, 0.662, 0.545]
