['Alpha', 1.0, 0.85, 1.0]
['Alpha', 0.704, 0.566, 0.658]
['Alpha', 0.756, 0.744, 0.644]
['Alpha', 0.767, 0.679, 0.603]
['Alpha', 0.583, 0.667, 0.636]
['Alpha', 0.916, 0.779, 0.761]
['Alpha', 0.967, 0.969, 0.785]
['Alpha', 0.816, 0.891, 0.944]
['Alpha', 0.881, 0.8, 0.71]
['Alpha', 0.802, 0.879, 0.711]
['Alpha', 0.808, 0.804, 0.747]
['Alpha', 0.736, 0.863, 0.828]
['Alpha', 0.867, 0.702, 0.879]
['Alpha', 0.761, 0.707, 0.602]
['Alpha', 0.811, 0.668, 0.63]
['Alpha', 0.677, 0.648, 0.654]
['Alpha', 0.708, 0.661, 0.652]
['Alpha', 0.642, 0.604, 0.535]
['Alpha', 0.986, 0.867, 1.0]
['Alpha', 0.697, 0.717, 0.539]
['Alpha', 0.633, 0.601, 0.573]
['Alpha', 0.6, 0.629, 0.6]
['Alpha', 0.729, 0.77, 0.743]
['Alpha', 0.661, 0.686, 0.652]
['Alpha', 0.645, 0.693, 0.604]
['Alpha', 0.633, 0.677, 0.604]
['Alpha', 0.693, 0.662, 0.603]
['Alpha', 0.93, 0.739, 0.767]
['Alpha', 0.618, 0.668, 0.556]
['Alpha', 0.666, 0.754, 0.61]
